0 510
510 0
0 356
356 0
0 453
453 0
0 212
212 0
0 494
494 0
1 703
703 1
1 892
892 1
1 921
921 1
1 771
771 1
1 550
550 1
1 383
383 1
1 769
769 1
2 82
82 2
2 319
319 2
2 668
668 2
2 929
929 2
2 529
529 2
2 207
207 2
3 798
798 3
3 146
146 3
3 99
99 3
3 754
754 3
3 437
437 3
3 732
732 3
3 709
709 3
3 480
480 3
4 769
769 4
4 87
87 4
4 623
623 4
4 29
29 4
4 365
365 4
5 904
904 5
5 994
994 5
5 367
367 5
5 221
221 5
5 751
751 5
5 650
650 5
5 465
465 5
5 550
550 5
6 962
962 6
6 46
46 6
6 584
584 6
7 174
174 7
7 260
260 7
7 946
946 7
7 160
160 7
7 382
382 7
7 399
399 7
7 421
421 7
7 129
129 7
8 805
805 8
8 213
213 8
8 700
700 8
8 232
232 8
8 263
263 8
8 924
924 8
8 62
62 8
9 60
60 9
9 687
687 9
9 466
466 9
9 208
208 9
9 771
771 9
9 310
310 9
9 498
498 9
9 614
614 9
10 816
816 10
10 538
538 10
10 517
517 10
10 623
623 10
10 955
955 10
10 185
185 10
10 925
925 10
10 630
630 10
10 80
80 10
10 401
401 10
10 116
116 10
11 419
419 11
11 735
735 11
11 743
743 11
11 80
80 11
11 859
859 11
12 916
916 12
12 447
447 12
12 60
60 12
13 876
876 13
13 786
786 13
13 177
177 13
13 459
459 13
14 357
357 14
14 990
990 14
14 848
848 14
14 664
664 14
14 916
916 14
14 492
492 14
14 474
474 14
14 350
350 14
14 959
959 14
15 188
188 15
15 857
857 15
15 292
292 15
15 625
625 15
15 306
306 15
15 287
287 15
16 867
867 16
16 223
223 16
17 903
903 17
17 306
306 17
17 617
617 17
17 561
561 17
17 809
809 17
17 530
530 17
17 418
418 17
17 938
938 17
17 31
31 17
18 654
654 18
18 363
363 18
18 620
620 18
18 163
163 18
18 882
882 18
18 814
814 18
19 313
313 19
19 904
904 19
20 911
911 20
20 955
955 20
20 405
405 20
21 404
404 21
21 827
827 21
22 482
482 22
22 826
826 22
22 966
966 22
22 88
88 22
22 459
459 22
22 389
389 22
22 733
733 22
23 598
598 23
23 486
486 23
23 343
343 23
23 713
713 23
23 849
849 23
23 595
595 23
23 810
810 23
23 276
276 23
23 107
107 23
24 906
906 24
24 154
154 24
24 390
390 24
24 34
34 24
24 552
552 24
24 910
910 24
25 64
64 25
26 596
596 26
26 90
90 26
26 774
774 26
26 336
336 26
26 202
202 26
26 703
703 26
27 51
51 27
27 417
417 27
27 865
865 27
27 741
741 27
27 633
633 27
27 49
49 27
28 516
516 28
29 271
271 29
29 726
726 29
29 53
53 29
29 890
890 29
29 705
705 29
29 877
877 29
29 729
729 29
29 418
418 29
29 250
250 29
29 390
390 29
29 665
665 29
30 500
500 30
30 785
785 30
30 953
953 30
30 827
827 30
30 134
134 30
31 223
223 31
31 546
546 31
31 717
717 31
31 424
424 31
31 835
835 31
31 606
606 31
31 601
601 31
32 888
888 32
32 35
35 32
32 593
593 32
32 728
728 32
32 67
67 32
33 483
483 33
33 777
777 33
33 680
680 33
33 174
174 33
33 900
900 33
34 406
406 34
34 848
848 34
35 105
105 35
35 646
646 35
35 269
269 35
35 590
590 35
36 125
125 36
37 39
39 37
37 513
513 37
37 907
907 37
37 410
410 37
37 120
120 37
37 444
444 37
37 940
940 37
37 289
289 37
37 648
648 37
38 482
482 38
38 928
928 38
38 805
805 38
38 248
248 38
39 926
926 39
39 954
954 39
39 81
81 39
40 569
569 40
40 453
453 40
40 823
823 40
40 87
87 40
41 877
877 41
41 584
584 41
41 173
173 41
41 252
252 41
41 738
738 41
41 571
571 41
41 260
260 41
41 269
269 41
41 146
146 41
41 114
114 41
42 124
124 42
42 521
521 42
42 455
455 42
43 135
135 43
43 803
803 43
43 139
139 43
43 568
568 43
43 654
654 43
44 461
461 44
44 74
74 44
44 908
908 44
44 955
955 44
44 467
467 44
45 698
698 45
45 142
142 45
45 653
653 45
45 575
575 45
46 728
728 46
46 201
201 46
46 940
940 46
47 385
385 47
47 892
892 47
47 167
167 47
48 915
915 48
48 828
828 48
48 669
669 48
48 886
886 48
48 630
630 48
48 291
291 48
48 938
938 48
48 883
883 48
49 386
386 49
49 491
491 49
50 553
553 50
50 157
157 50
50 367
367 50
50 510
510 50
50 605
605 50
50 790
790 50
50 252
252 50
50 686
686 50
50 195
195 50
50 836
836 50
51 934
934 51
51 252
252 51
51 573
573 51
51 641
641 51
51 547
547 51
52 685
685 52
52 692
692 52
52 575
575 52
52 408
408 52
53 437
437 53
53 524
524 53
53 246
246 53
53 895
895 53
53 546
546 53
54 419
419 54
54 300
300 54
54 290
290 54
54 447
447 54
55 779
779 55
56 359
359 56
56 562
562 56
56 149
149 56
56 399
399 56
56 719
719 56
57 397
397 57
57 80
80 57
58 237
237 58
58 134
134 58
59 836
836 59
59 673
673 59
59 335
335 59
59 392
392 59
60 928
928 60
60 319
319 60
61 883
883 61
61 387
387 61
61 911
911 61
61 360
360 61
61 516
516 61
61 599
599 61
62 363
363 62
62 581
581 62
62 649
649 62
62 117
117 62
62 866
866 62
63 642
642 63
63 847
847 63
63 983
983 63
63 937
937 63
63 755
755 63
63 111
111 63
64 450
450 64
64 869
869 64
64 225
225 64
64 273
273 64
64 700
700 64
64 199
199 64
65 273
273 65
65 792
792 65
65 781
781 65
66 874
874 66
66 925
925 66
66 827
827 66
66 517
517 66
66 845
845 66
66 825
825 66
66 485
485 66
66 367
367 66
67 595
595 67
67 365
365 67
67 701
701 67
68 700
700 68
68 664
664 68
68 559
559 68
68 443
443 68
69 511
511 69
69 73
73 69
69 161
161 69
70 271
271 70
70 546
546 70
70 833
833 70
70 971
971 70
71 434
434 71
71 275
275 71
71 715
715 71
72 466
466 72
72 370
370 72
72 130
130 72
72 923
923 72
72 388
388 72
72 748
748 72
73 396
396 73
73 779
779 73
73 709
709 73
73 342
342 73
73 278
278 73
73 533
533 73
74 83
83 74
74 160
160 74
74 570
570 74
74 935
935 74
75 385
385 75
75 255
255 75
75 978
978 75
76 643
643 76
76 179
179 76
76 814
814 76
77 492
492 77
77 883
883 77
77 695
695 77
77 300
300 77
78 201
201 78
78 341
341 78
78 859
859 78
78 141
141 78
79 178
178 79
79 561
561 79
79 424
424 79
80 128
128 80
80 348
348 80
80 862
862 80
81 290
290 81
81 277
277 81
81 627
627 81
81 786
786 81
82 306
306 82
83 143
143 83
83 834
834 83
83 503
503 83
84 809
809 84
84 764
764 84
84 903
903 84
84 308
308 84
85 636
636 85
85 830
830 85
85 182
182 85
85 605
605 85
85 665
665 85
86 935
935 86
86 685
685 86
86 108
108 86
86 453
453 86
86 513
513 86
86 785
785 86
86 327
327 86
87 377
377 87
87 586
586 87
87 826
826 87
87 994
994 87
88 856
856 88
88 550
550 88
88 142
142 88
89 412
412 89
89 360
360 89
90 454
454 90
90 198
198 90
90 475
475 90
90 643
643 90
90 780
780 90
90 552
552 90
90 903
903 90
90 476
476 90
91 183
183 91
91 631
631 91
91 750
750 91
92 158
158 92
92 347
347 92
92 211
211 92
92 798
798 92
93 678
678 93
93 317
317 93
93 733
733 93
93 274
274 93
93 610
610 93
93 238
238 93
93 262
262 93
93 432
432 93
93 956
956 93
94 787
787 94
94 969
969 94
94 113
113 94
95 518
518 95
95 339
339 95
95 500
500 95
95 717
717 95
95 793
793 95
96 860
860 96
96 842
842 96
96 344
344 96
96 388
388 96
97 492
492 97
97 368
368 97
97 204
204 97
97 620
620 97
97 686
686 97
98 351
351 98
98 287
287 98
98 523
523 98
98 965
965 98
98 762
762 98
98 862
862 98
99 990
990 99
99 722
722 99
99 326
326 99
99 839
839 99
100 347
347 100
100 956
956 100
100 293
293 100
100 772
772 100
100 940
940 100
100 689
689 100
100 477
477 100
100 176
176 100
100 853
853 100
100 101
101 100
101 850
850 101
101 871
871 101
101 877
877 101
102 307
307 102
102 338
338 102
102 848
848 102
102 219
219 102
103 574
574 103
103 169
169 103
103 668
668 103
103 316
316 103
104 174
174 104
104 500
500 104
104 560
560 104
104 732
732 104
104 591
591 104
105 707
707 105
105 900
900 105
105 715
715 105
105 412
412 105
105 823
823 105
105 627
627 105
105 324
324 105
106 447
447 106
106 299
299 106
106 857
857 106
106 362
362 106
106 597
597 106
107 190
190 107
107 853
853 107
107 313
313 107
107 665
665 107
107 274
274 107
107 551
551 107
107 766
766 107
108 812
812 108
108 488
488 108
108 520
520 108
108 673
673 108
108 663
663 108
108 999
999 108
108 838
838 108
108 500
500 108
108 514
514 108
108 167
167 108
109 847
847 109
109 616
616 109
110 202
202 110
110 198
198 110
111 344
344 111
111 913
913 111
111 526
526 111
112 857
857 112
112 874
874 112
112 220
220 112
112 586
586 112
112 782
782 112
113 267
267 113
113 454
454 113
113 842
842 113
113 522
522 113
113 334
334 113
114 933
933 114
115 495
495 115
115 500
500 115
115 690
690 115
115 547
547 115
115 271
271 115
115 729
729 115
116 522
522 116
116 184
184 116
116 760
760 116
116 484
484 116
117 906
906 117
118 554
554 118
118 285
285 118
118 275
275 118
118 964
964 118
118 446
446 118
118 695
695 118
118 956
956 118
119 377
377 119
119 677
677 119
119 813
813 119
119 951
951 119
120 628
628 120
120 705
705 120
121 681
681 121
121 809
809 121
121 330
330 121
121 243
243 121
122 632
632 122
122 205
205 122
122 299
299 122
122 580
580 122
122 360
360 122
122 674
674 122
123 689
689 123
123 517
517 123
123 465
465 123
123 677
677 123
123 369
369 123
123 284
284 123
123 480
480 123
124 792
792 124
124 868
868 124
124 591
591 124
124 512
512 124
125 444
444 125
125 606
606 125
126 824
824 126
126 620
620 126
126 146
146 126
126 997
997 126
127 454
454 127
127 295
295 127
127 579
579 127
127 413
413 127
127 652
652 127
128 924
924 128
128 224
224 128
128 568
568 128
128 549
549 128
128 522
522 128
129 243
243 129
129 382
382 129
129 467
467 129
129 391
391 129
129 186
186 129
129 787
787 129
130 392
392 130
130 301
301 130
130 457
457 130
131 880
880 131
131 723
723 131
131 705
705 131
131 690
690 131
132 634
634 132
132 701
701 132
132 688
688 132
132 934
934 132
133 964
964 133
133 182
182 133
134 350
350 134
134 729
729 134
134 802
802 134
134 135
135 134
134 400
400 134
134 471
471 134
135 613
613 135
135 484
484 135
135 823
823 135
135 980
980 135
136 987
987 136
136 463
463 136
136 505
505 136
136 830
830 136
136 805
805 136
137 223
223 137
137 786
786 137
137 735
735 137
137 623
623 137
137 510
510 137
137 239
239 137
137 611
611 137
138 837
837 138
138 825
825 138
138 313
313 138
138 364
364 138
139 699
699 139
139 427
427 139
139 462
462 139
140 991
991 140
140 886
886 140
141 942
942 141
141 590
590 141
141 269
269 141
141 714
714 141
141 535
535 141
142 829
829 142
142 607
607 142
142 430
430 142
143 771
771 143
143 185
185 143
143 580
580 143
143 313
313 143
144 411
411 144
145 977
977 145
145 480
480 145
145 388
388 145
145 482
482 145
146 230
230 146
146 822
822 146
146 572
572 146
146 432
432 146
147 482
482 147
147 401
401 147
147 616
616 147
147 963
963 147
147 437
437 147
147 700
700 147
147 677
677 147
147 433
433 147
148 357
357 148
148 175
175 148
148 833
833 148
148 985
985 148
148 565
565 148
148 262
262 148
149 171
171 149
149 657
657 149
149 404
404 149
149 214
214 149
149 216
216 149
150 154
154 150
150 991
991 150
150 247
247 150
150 480
480 150
150 706
706 150
151 509
509 151
151 755
755 151
151 893
893 151
152 735
735 152
152 363
363 152
152 337
337 152
153 643
643 153
153 254
254 153
153 374
374 153
153 312
312 153
153 452
452 153
154 984
984 154
154 583
583 154
154 819
819 154
154 836
836 154
154 827
827 154
155 392
392 155
155 552
552 155
155 888
888 155
155 747
747 155
156 326
326 156
156 529
529 156
156 496
496 156
157 676
676 157
157 214
214 157
157 167
167 157
158 524
524 158
158 580
580 158
158 882
882 158
158 863
863 158
159 452
452 159
159 217
217 159
159 626
626 159
160 468
468 160
160 505
505 160
160 562
562 160
161 821
821 161
161 403
403 161
161 947
947 161
161 294
294 161
161 381
381 161
161 979
979 161
162 796
796 162
162 972
972 162
162 579
579 162
163 682
682 163
163 276
276 163
163 982
982 163
163 299
299 163
164 445
445 164
164 639
639 164
164 559
559 164
164 884
884 164
164 299
299 164
165 970
970 165
165 464
464 165
165 640
640 165
165 318
318 165
165 729
729 165
166 404
404 166
166 324
324 166
166 225
225 166
167 746
746 167
167 978
978 167
167 384
384 167
167 917
917 167
167 537
537 167
167 319
319 167
167 831
831 167
167 376
376 167
167 188
188 167
168 184
184 168
168 405
405 168
168 382
382 168
168 178
178 168
168 216
216 168
168 950
950 168
169 904
904 169
169 416
416 169
169 749
749 169
169 330
330 169
169 797
797 169
170 550
550 170
170 809
809 170
170 699
699 170
170 248
248 170
170 774
774 170
170 447
447 170
170 555
555 170
171 461
461 171
171 464
464 171
171 967
967 171
172 923
923 172
172 717
717 172
172 649
649 172
173 292
292 173
173 415
415 173
173 953
953 173
174 872
872 174
174 265
265 174
175 731
731 175
175 758
758 175
176 899
899 176
176 672
672 176
176 756
756 176
176 779
779 176
176 228
228 176
176 776
776 176
176 583
583 176
177 813
813 177
177 615
615 177
177 373
373 177
177 223
223 177
178 194
194 178
178 692
692 178
178 332
332 178
179 260
260 179
179 968
968 179
179 595
595 179
179 913
913 179
180 483
483 180
180 645
645 180
180 696
696 180
180 517
517 180
180 423
423 180
180 204
204 180
181 975
975 181
181 955
955 181
181 318
318 181
181 939
939 181
182 626
626 182
182 876
876 182
183 789
789 183
183 358
358 183
183 552
552 183
184 454
454 184
184 891
891 184
184 337
337 184
184 493
493 184
184 244
244 184
185 956
956 185
185 460
460 185
185 402
402 185
185 440
440 185
185 515
515 185
186 344
344 186
186 290
290 186
186 261
261 186
186 258
258 186
187 951
951 187
187 204
204 187
187 293
293 187
187 886
886 187
188 763
763 188
188 838
838 188
188 307
307 188
188 621
621 188
188 913
913 188
189 392
392 189
189 798
798 189
189 833
833 189
190 645
645 190
190 887
887 190
190 346
346 190
190 708
708 190
191 609
609 191
191 375
375 191
191 223
223 191
191 744
744 191
191 994
994 191
192 920
920 192
192 742
742 192
192 756
756 192
192 310
310 192
192 250
250 192
193 303
303 193
193 715
715 193
193 304
304 193
193 980
980 193
194 910
910 194
194 801
801 194
194 365
365 194
194 929
929 194
194 959
959 194
195 543
543 195
195 350
350 195
195 405
405 195
195 358
358 195
196 310
310 196
196 628
628 196
196 690
690 196
196 293
293 196
196 669
669 196
196 845
845 196
196 796
796 196
197 903
903 197
197 342
342 197
197 375
375 197
198 554
554 198
198 658
658 198
198 439
439 198
198 615
615 198
198 709
709 198
199 783
783 199
199 667
667 199
200 757
757 200
200 211
211 200
200 388
388 200
200 316
316 200
201 612
612 201
201 229
229 201
201 374
374 201
201 322
322 201
201 209
209 201
202 648
648 202
202 471
471 202
202 264
264 202
203 408
408 203
203 218
218 203
203 329
329 203
203 882
882 203
203 741
741 203
204 305
305 204
204 969
969 204
205 782
782 205
205 587
587 205
205 710
710 205
205 855
855 205
206 258
258 206
206 779
779 206
206 653
653 206
207 353
353 207
207 922
922 207
208 857
857 208
208 363
363 208
208 944
944 208
208 907
907 208
208 831
831 208
209 884
884 209
209 634
634 209
209 888
888 209
209 612
612 209
209 705
705 209
209 223
223 209
210 706
706 210
210 887
887 210
210 578
578 210
210 666
666 210
210 923
923 210
211 910
910 211
211 740
740 211
211 817
817 211
212 555
555 212
212 759
759 212
213 830
830 213
213 605
605 213
213 901
901 213
214 908
908 214
214 995
995 214
215 592
592 215
215 793
793 215
215 336
336 215
215 236
236 215
215 216
216 215
215 508
508 215
216 781
781 216
217 939
939 217
217 245
245 217
217 863
863 217
217 851
851 217
218 547
547 218
218 516
516 218
218 669
669 218
218 589
589 218
218 418
418 218
218 799
799 218
218 728
728 218
218 618
618 218
219 725
725 219
219 657
657 219
219 692
692 219
219 225
225 219
220 617
617 220
220 552
552 220
220 567
567 220
221 490
490 221
221 513
513 221
221 690
690 221
221 799
799 221
222 349
349 222
222 914
914 222
222 655
655 222
222 740
740 222
223 518
518 223
223 663
663 223
223 513
513 223
223 761
761 223
223 755
755 223
223 347
347 223
224 318
318 224
224 695
695 224
224 591
591 224
226 462
462 226
226 254
254 226
226 769
769 226
226 432
432 226
226 793
793 226
226 285
285 226
227 720
720 227
227 235
235 227
228 231
231 228
228 880
880 228
229 764
764 229
229 996
996 229
229 367
367 229
229 700
700 229
229 877
877 229
230 566
566 230
230 292
292 230
230 847
847 230
230 810
810 230
230 353
353 230
231 934
934 231
232 938
938 232
232 581
581 232
233 484
484 233
233 337
337 233
234 415
415 234
234 695
695 234
234 974
974 234
234 343
343 234
235 706
706 235
236 422
422 236
236 404
404 236
236 262
262 236
236 335
335 236
236 376
376 236
236 399
399 236
237 789
789 237
237 400
400 237
237 434
434 237
237 864
864 237
237 413
413 237
237 538
538 237
237 438
438 237
237 374
374 237
237 666
666 237
238 940
940 238
238 692
692 238
239 979
979 239
239 766
766 239
240 652
652 240
240 926
926 240
241 444
444 241
241 560
560 241
242 281
281 242
242 287
287 242
242 842
842 242
242 523
523 242
243 337
337 243
243 647
647 243
243 938
938 243
243 457
457 243
243 610
610 243
243 377
377 243
244 876
876 244
244 317
317 244
244 703
703 244
244 912
912 244
244 705
705 244
244 377
377 244
245 573
573 245
246 450
450 246
246 550
550 246
246 692
692 246
246 449
449 246
246 512
512 246
246 952
952 246
247 765
765 247
247 646
646 247
247 633
633 247
247 780
780 247
247 566
566 247
247 393
393 247
247 994
994 247
248 575
575 248
248 251
251 248
248 696
696 248
249 874
874 249
250 338
338 250
250 385
385 250
250 571
571 250
251 989
989 251
251 939
939 251
251 872
872 251
251 950
950 251
251 609
609 251
252 869
869 252
252 640
640 252
252 652
652 252
252 639
639 252
252 643
643 252
253 275
275 253
253 476
476 253
253 846
846 253
253 350
350 253
253 331
331 253
253 519
519 253
253 421
421 253
253 483
483 253
254 526
526 254
254 837
837 254
255 691
691 255
255 828
828 255
255 655
655 255
255 879
879 255
255 722
722 255
256 454
454 256
256 425
425 256
257 415
415 257
257 389
389 257
257 525
525 257
258 908
908 258
258 329
329 258
258 971
971 258
258 981
981 258
258 707
707 258
259 503
503 259
259 734
734 259
259 321
321 259
260 985
985 260
260 283
283 260
260 667
667 260
260 308
308 260
260 898
898 260
260 536
536 260
260 811
811 260
260 676
676 260
261 896
896 261
261 557
557 261
262 431
431 262
262 285
285 262
262 505
505 262
262 659
659 262
263 675
675 263
263 347
347 263
263 532
532 263
263 922
922 263
263 441
441 263
263 643
643 263
263 280
280 263
263 583
583 263
263 541
541 263
264 688
688 264
264 409
409 264
264 955
955 264
265 368
368 265
265 748
748 265
265 732
732 265
265 397
397 265
266 601
601 266
266 362
362 266
266 590
590 266
266 918
918 266
266 712
712 266
267 665
665 267
267 895
895 267
268 970
970 268
268 373
373 268
270 496
496 270
270 851
851 270
270 926
926 270
270 552
552 270
270 720
720 270
271 514
514 271
271 730
730 271
271 777
777 271
272 838
838 272
272 877
877 272
272 887
887 272
273 407
407 273
273 291
291 273
274 523
523 274
275 415
415 275
276 592
592 276
276 822
822 276
276 295
295 276
277 695
695 277
277 744
744 277
278 653
653 278
278 946
946 278
278 598
598 278
278 873
873 278
278 934
934 278
279 563
563 279
280 497
497 280
281 369
369 281
281 451
451 281
282 859
859 282
282 636
636 282
282 348
348 282
282 518
518 282
283 801
801 283
283 831
831 283
283 365
365 283
283 527
527 283
283 692
692 283
283 422
422 283
284 951
951 284
285 540
540 285
285 657
657 285
285 313
313 285
285 521
521 285
286 908
908 286
286 487
487 286
286 550
550 286
286 570
570 286
287 982
982 287
287 991
991 287
287 653
653 287
287 369
369 287
288 671
671 288
288 699
699 288
288 790
790 288
289 970
970 289
289 592
592 289
290 796
796 290
290 350
350 290
290 650
650 290
291 702
702 291
291 817
817 291
292 443
443 292
292 467
467 292
292 601
601 292
293 896
896 293
293 669
669 293
293 683
683 293
293 650
650 293
293 811
811 293
294 582
582 294
294 328
328 294
295 921
921 295
295 439
439 295
296 311
311 296
296 752
752 296
296 828
828 296
297 901
901 297
297 626
626 297
298 744
744 298
299 704
704 299
299 313
313 299
299 779
779 299
300 619
619 300
300 716
716 300
300 462
462 300
301 330
330 301
301 553
553 301
302 483
483 302
302 600
600 302
302 773
773 302
303 892
892 303
303 778
778 303
303 424
424 303
303 407
407 303
304 805
805 304
304 818
818 304
304 844
844 304
305 562
562 305
305 355
355 305
305 368
368 305
305 500
500 305
305 742
742 305
305 349
349 305
307 846
846 307
307 890
890 307
307 865
865 307
307 951
951 307
308 797
797 308
308 481
481 308
308 497
497 308
308 345
345 308
308 984
984 308
309 775
775 309
309 669
669 309
309 452
452 309
310 996
996 310
310 689
689 310
310 397
397 310
310 995
995 310
310 455
455 310
311 978
978 311
312 734
734 312
312 405
405 312
312 382
382 312
312 513
513 312
312 581
581 312
313 755
755 313
313 363
363 313
313 361
361 313
314 341
341 314
314 555
555 314
314 576
576 314
314 485
485 314
315 855
855 315
315 573
573 315
315 920
920 315
316 464
464 316
316 887
887 316
316 596
596 316
316 332
332 316
316 990
990 316
317 992
992 317
318 825
825 318
318 730
730 318
318 448
448 318
319 911
911 319
319 387
387 319
319 551
551 319
320 653
653 320
321 361
361 321
321 378
378 321
321 468
468 321
321 637
637 321
321 816
816 321
322 398
398 322
322 692
692 322
322 551
551 322
322 771
771 322
322 840
840 322
323 340
340 323
323 831
831 323
323 909
909 323
323 481
481 323
323 350
350 323
324 960
960 324
324 757
757 324
325 619
619 325
325 561
561 325
325 899
899 325
326 711
711 326
327 533
533 327
327 786
786 327
327 517
517 327
327 679
679 327
327 536
536 327
328 810
810 328
328 949
949 328
330 986
986 330
330 746
746 330
330 897
897 330
330 750
750 330
330 801
801 330
330 528
528 330
331 623
623 331
331 875
875 331
331 450
450 331
332 471
471 332
332 751
751 332
332 694
694 332
332 970
970 332
333 702
702 333
333 874
874 333
333 418
418 333
333 656
656 333
334 834
834 334
334 430
430 334
334 650
650 334
334 381
381 334
335 458
458 335
336 368
368 336
336 718
718 336
336 787
787 336
337 723
723 337
337 648
648 337
338 784
784 338
338 533
533 338
339 498
498 339
339 749
749 339
339 394
394 339
339 427
427 339
340 924
924 340
340 343
343 340
341 536
536 341
342 439
439 342
342 689
689 342
342 359
359 342
342 559
559 342
343 773
773 343
343 815
815 343
344 524
524 344
344 412
412 344
344 729
729 344
344 372
372 344
344 637
637 344
345 395
395 345
345 830
830 345
345 697
697 345
345 470
470 345
345 751
751 345
345 752
752 345
345 493
493 345
346 656
656 346
346 508
508 346
346 664
664 346
346 603
603 346
347 416
416 347
347 548
548 347
347 410
410 347
347 863
863 347
348 375
375 348
348 850
850 348
348 961
961 348
348 631
631 348
349 915
915 349
349 567
567 349
349 620
620 349
349 603
603 349
349 737
737 349
349 594
594 349
349 845
845 349
350 518
518 350
350 913
913 350
351 439
439 351
351 920
920 351
351 622
622 351
351 743
743 351
351 693
693 351
351 610
610 351
351 646
646 351
352 578
578 352
352 588
588 352
352 839
839 352
352 481
481 352
354 611
611 354
354 765
765 354
354 976
976 354
354 750
750 354
354 931
931 354
355 782
782 355
355 462
462 355
355 605
605 355
356 379
379 356
356 413
413 356
356 407
407 356
356 986
986 356
356 815
815 356
357 593
593 357
357 747
747 357
357 394
394 357
357 841
841 357
358 544
544 358
358 878
878 358
359 735
735 359
359 472
472 359
359 740
740 359
361 942
942 361
361 759
759 361
361 380
380 361
361 670
670 361
361 814
814 361
362 931
931 362
362 966
966 362
363 732
732 363
363 754
754 363
363 408
408 363
363 627
627 363
363 398
398 363
363 496
496 363
364 832
832 364
364 685
685 364
364 386
386 364
364 679
679 364
365 601
601 365
365 494
494 365
366 823
823 366
366 412
412 366
366 969
969 366
366 545
545 366
366 382
382 366
366 451
451 366
367 962
962 367
367 517
517 367
367 550
550 367
367 966
966 367
367 707
707 367
368 681
681 368
368 575
575 368
368 765
765 368
369 800
800 369
369 826
826 369
369 390
390 369
369 749
749 369
369 804
804 369
370 485
485 370
370 474
474 370
370 927
927 370
371 525
525 371
371 707
707 371
372 998
998 372
373 588
588 373
374 479
479 374
374 839
839 374
374 587
587 374
375 981
981 375
376 741
741 376
376 400
400 376
376 673
673 376
376 425
425 376
376 586
586 376
377 981
981 377
377 601
601 377
377 766
766 377
378 601
601 378
378 418
418 378
378 594
594 378
378 394
394 378
378 874
874 378
379 548
548 379
379 911
911 379
379 580
580 379
379 601
601 379
379 452
452 379
379 822
822 379
380 698
698 380
380 818
818 380
380 830
830 380
381 900
900 381
381 567
567 381
382 960
960 382
382 429
429 382
382 873
873 382
382 838
838 382
383 925
925 383
383 803
803 383
383 702
702 383
383 543
543 383
384 527
527 384
384 731
731 384
384 836
836 384
384 686
686 384
385 544
544 385
385 510
510 385
385 579
579 385
385 893
893 385
385 988
988 385
386 973
973 386
387 929
929 387
387 875
875 387
387 435
435 387
387 876
876 387
388 688
688 388
388 620
620 388
388 860
860 388
389 616
616 389
389 692
692 389
389 527
527 389
389 400
400 389
390 862
862 390
391 639
639 391
391 530
530 391
391 555
555 391
391 738
738 391
392 977
977 392
392 719
719 392
392 642
642 392
392 677
677 392
392 982
982 392
393 806
806 393
393 994
994 393
393 977
977 393
393 415
415 393
393 942
942 393
394 728
728 394
394 752
752 394
395 802
802 395
395 631
631 395
395 886
886 395
395 773
773 395
395 800
800 395
395 544
544 395
395 598
598 395
396 518
518 396
397 569
569 397
397 986
986 397
397 972
972 397
397 507
507 397
397 706
706 397
397 587
587 397
398 664
664 398
398 970
970 398
399 679
679 399
400 913
913 400
400 722
722 400
400 682
682 400
401 854
854 401
401 706
706 401
402 961
961 402
402 816
816 402
403 923
923 403
403 992
992 403
403 980
980 403
403 435
435 403
404 885
885 404
404 999
999 404
405 613
613 405
405 483
483 405
405 444
444 405
406 420
420 406
406 596
596 406
406 515
515 406
407 525
525 407
407 452
452 407
407 664
664 407
408 615
615 408
408 600
600 408
409 924
924 409
409 691
691 409
409 902
902 409
409 996
996 409
410 474
474 410
410 764
764 410
410 718
718 410
410 670
670 410
410 625
625 410
410 417
417 410
411 573
573 411
411 696
696 411
411 684
684 411
412 966
966 412
412 469
469 412
412 754
754 412
412 900
900 412
413 937
937 413
413 418
418 413
414 891
891 414
414 517
517 414
414 985
985 414
414 432
432 414
414 826
826 414
415 942
942 415
415 997
997 415
416 456
456 416
416 954
954 416
416 623
623 416
417 686
686 417
417 659
659 417
417 864
864 417
417 614
614 417
417 444
444 417
418 740
740 418
418 674
674 418
418 943
943 418
418 631
631 418
418 436
436 418
419 562
562 419
419 835
835 419
420 434
434 420
420 678
678 420
420 857
857 420
420 448
448 420
421 761
761 421
421 689
689 421
421 438
438 421
421 918
918 421
421 896
896 421
422 702
702 422
422 534
534 422
422 664
664 422
422 565
565 422
423 665
665 423
423 981
981 423
425 446
446 425
425 779
779 425
425 440
440 425
425 426
426 425
426 435
435 426
426 835
835 426
426 790
790 426
427 577
577 427
427 440
440 427
427 525
525 427
427 487
487 427
427 598
598 427
428 892
892 428
428 511
511 428
428 799
799 428
428 525
525 428
428 669
669 428
429 758
758 429
429 963
963 429
429 610
610 429
430 531
531 430
430 534
534 430
430 667
667 430
431 581
581 431
431 827
827 431
432 582
582 432
432 726
726 432
432 615
615 432
433 492
492 433
433 685
685 433
434 537
537 434
434 777
777 434
435 708
708 435
435 997
997 435
436 625
625 436
436 604
604 436
436 905
905 436
436 626
626 436
436 812
812 436
436 607
607 436
436 916
916 436
437 988
988 437
437 992
992 437
438 837
837 438
438 676
676 438
438 739
739 438
438 732
732 438
439 933
933 439
439 743
743 439
439 900
900 439
439 945
945 439
440 636
636 440
440 819
819 440
441 855
855 441
441 873
873 441
441 595
595 441
441 876
876 441
442 981
981 442
442 658
658 442
442 689
689 442
442 719
719 442
443 590
590 443
443 697
697 443
443 582
582 443
443 613
613 443
443 623
623 443
444 772
772 444
444 795
795 444
444 568
568 444
445 600
600 445
446 801
801 446
446 974
974 446
446 890
890 446
447 677
677 447
447 491
491 447
448 533
533 448
448 498
498 448
450 639
639 450
450 848
848 450
450 474
474 450
451 851
851 451
451 792
792 451
453 721
721 453
453 906
906 453
454 589
589 454
454 830
830 454
454 873
873 454
454 707
707 454
455 847
847 455
455 656
656 455
455 544
544 455
455 945
945 455
455 896
896 455
455 689
689 455
456 967
967 456
456 785
785 456
456 980
980 456
456 629
629 456
456 521
521 456
457 955
955 457
458 706
706 458
458 983
983 458
458 771
771 458
458 466
466 458
458 520
520 458
458 774
774 458
459 869
869 459
459 512
512 459
460 982
982 460
460 610
610 460
461 699
699 461
461 547
547 461
461 623
623 461
461 847
847 461
461 477
477 461
462 843
843 462
463 801
801 463
463 743
743 463
464 814
814 464
464 805
805 464
464 509
509 464
465 643
643 465
465 644
644 465
465 859
859 465
465 517
517 465
467 870
870 467
467 553
553 467
467 624
624 467
468 906
906 468
468 700
700 468
469 872
872 469
469 884
884 469
470 910
910 470
470 580
580 470
470 608
608 470
470 918
918 470
470 949
949 470
470 625
625 470
472 623
623 472
472 840
840 472
473 994
994 473
473 650
650 473
473 876
876 473
474 590
590 474
474 559
559 474
475 697
697 475
475 736
736 475
475 681
681 475
475 625
625 475
476 820
820 476
476 793
793 476
477 599
599 477
478 643
643 478
478 650
650 478
478 775
775 478
479 762
762 479
479 562
562 479
480 559
559 480
480 891
891 480
481 504
504 481
481 524
524 481
481 586
586 481
481 977
977 481
481 596
596 481
482 554
554 482
482 900
900 482
482 892
892 482
483 746
746 483
483 749
749 483
484 575
575 484
484 780
780 484
484 648
648 484
484 645
645 484
485 873
873 485
486 991
991 486
486 601
601 486
487 941
941 487
487 871
871 487
487 834
834 487
488 581
581 488
488 751
751 488
489 807
807 489
490 746
746 490
490 868
868 490
490 776
776 490
491 557
557 491
491 876
876 491
491 533
533 491
493 797
797 493
493 807
807 493
494 805
805 494
494 629
629 494
494 516
516 494
494 808
808 494
495 697
697 495
495 727
727 495
495 609
609 495
495 686
686 495
495 742
742 495
496 535
535 496
497 540
540 497
497 794
794 497
497 995
995 497
498 760
760 498
499 824
824 499
499 735
735 499
500 583
583 500
500 923
923 500
500 691
691 500
501 627
627 501
501 605
605 501
501 984
984 501
502 870
870 502
502 613
613 502
503 589
589 503
504 592
592 504
505 702
702 505
506 642
642 506
506 757
757 506
506 798
798 506
506 553
553 506
507 925
925 507
507 618
618 507
507 773
773 507
507 561
561 507
507 733
733 507
507 722
722 507
508 585
585 508
508 537
537 508
509 928
928 509
509 883
883 509
510 521
521 510
511 848
848 511
511 667
667 511
513 822
822 513
513 930
930 513
514 839
839 514
514 722
722 514
514 997
997 514
514 615
615 514
514 710
710 514
516 985
985 516
516 730
730 516
517 762
762 517
517 978
978 517
517 586
586 517
517 919
919 517
517 576
576 517
517 941
941 517
517 721
721 517
518 987
987 518
518 868
868 518
518 582
582 518
518 653
653 518
518 831
831 518
519 520
520 519
520 521
521 520
521 998
998 521
522 993
993 522
522 642
642 522
522 533
533 522
522 991
991 522
522 843
843 522
523 609
609 523
523 584
584 523
524 890
890 524
524 864
864 524
524 976
976 524
525 832
832 525
526 812
812 526
526 578
578 526
527 889
889 527
527 767
767 527
527 711
711 527
527 902
902 527
528 679
679 528
528 814
814 528
529 580
580 529
530 747
747 530
532 991
991 532
532 689
689 532
532 984
984 532
535 600
600 535
535 796
796 535
535 811
811 535
535 757
757 535
536 580
580 536
536 851
851 536
536 907
907 536
536 590
590 536
537 595
595 537
538 567
567 538
538 999
999 538
539 975
975 539
539 718
718 539
539 947
947 539
539 720
720 539
540 963
963 540
540 772
772 540
541 741
741 541
542 933
933 542
542 572
572 542
542 723
723 542
542 606
606 542
543 931
931 543
543 854
854 543
544 858
858 544
544 714
714 544
545 731
731 545
545 850
850 545
546 703
703 546
546 558
558 546
546 915
915 546
547 884
884 547
547 958
958 547
548 915
915 548
549 985
985 549
549 851
851 549
549 661
661 549
549 807
807 549
549 574
574 549
550 696
696 550
550 644
644 550
550 686
686 550
550 745
745 550
550 831
831 550
551 589
589 551
554 660
660 554
554 671
671 554
554 604
604 554
555 756
756 555
555 595
595 555
555 980
980 555
556 808
808 556
556 828
828 556
556 834
834 556
557 834
834 557
557 677
677 557
557 583
583 557
557 877
877 557
558 623
623 558
558 590
590 558
559 804
804 559
559 647
647 559
560 697
697 560
560 708
708 560
560 635
635 560
561 600
600 561
561 926
926 561
561 611
611 561
562 758
758 562
562 938
938 562
562 940
940 562
564 874
874 564
564 678
678 564
565 927
927 565
566 744
744 566
566 990
990 566
566 900
900 566
566 732
732 566
567 832
832 567
568 830
830 568
568 803
803 568
569 887
887 569
569 638
638 569
570 789
789 570
571 692
692 571
571 745
745 571
571 615
615 571
571 772
772 571
573 607
607 573
573 759
759 573
573 580
580 573
573 762
762 573
574 910
910 574
576 829
829 576
576 637
637 576
576 933
933 576
576 754
754 576
577 578
578 577
577 714
714 577
577 809
809 577
578 829
829 578
578 701
701 578
578 928
928 578
578 828
828 578
579 974
974 579
579 583
583 579
579 672
672 579
581 796
796 581
582 713
713 582
582 646
646 582
582 938
938 582
583 613
613 583
583 719
719 583
584 807
807 584
584 643
643 584
584 610
610 584
586 741
741 586
586 617
617 586
586 849
849 586
586 923
923 586
587 853
853 587
587 759
759 587
588 712
712 588
589 615
615 589
590 742
742 590
590 987
987 590
592 871
871 592
592 969
969 592
592 637
637 592
593 869
869 593
593 881
881 593
593 801
801 593
594 777
777 594
594 701
701 594
594 665
665 594
594 905
905 594
594 922
922 594
595 847
847 595
596 920
920 596
596 613
613 596
597 815
815 597
597 748
748 597
599 778
778 599
599 741
741 599
599 851
851 599
603 828
828 603
603 639
639 603
605 879
879 605
605 980
980 605
606 717
717 606
606 930
930 606
607 819
819 607
608 756
756 608
608 834
834 608
608 892
892 608
609 816
816 609
610 658
658 610
610 965
965 610
611 915
915 611
611 934
934 611
612 704
704 612
613 889
889 613
614 620
620 614
614 665
665 614
614 867
867 614
616 917
917 616
616 651
651 616
617 863
863 617
617 828
828 617
617 729
729 617
617 726
726 617
617 676
676 617
618 877
877 618
621 977
977 621
621 767
767 621
621 981
981 621
622 983
983 622
623 633
633 623
624 723
723 624
624 730
730 624
625 775
775 625
625 884
884 625
625 784
784 625
626 806
806 626
627 713
713 627
627 831
831 627
628 742
742 628
629 802
802 629
629 979
979 629
630 652
652 630
630 948
948 630
632 707
707 632
632 781
781 632
633 965
965 633
633 912
912 633
634 759
759 634
634 903
903 634
635 963
963 635
635 898
898 635
637 778
778 637
639 771
771 639
639 806
806 639
639 839
839 639
639 968
968 639
640 643
643 640
640 855
855 640
640 953
953 640
640 936
936 640
641 778
778 641
641 860
860 641
642 919
919 642
642 718
718 642
643 973
973 643
643 654
654 643
644 738
738 644
645 719
719 645
645 732
732 645
645 955
955 645
646 681
681 646
646 678
678 646
646 741
741 646
646 784
784 646
647 786
786 647
647 800
800 647
648 845
845 648
648 989
989 648
649 837
837 649
650 823
823 650
651 953
953 651
652 970
970 652
652 677
677 652
652 947
947 652
652 892
892 652
653 822
822 653
654 908
908 654
654 896
896 654
655 999
999 655
656 795
795 656
657 916
916 657
657 988
988 657
657 917
917 657
658 714
714 658
658 896
896 658
660 669
669 660
661 972
972 661
661 847
847 661
661 831
831 661
662 674
674 662
662 873
873 662
662 984
984 662
663 696
696 663
664 958
958 664
665 862
862 665
666 761
761 666
667 981
981 667
667 991
991 667
667 789
789 667
669 891
891 669
669 734
734 669
670 935
935 670
672 715
715 672
672 825
825 672
673 997
997 673
674 943
943 674
674 818
818 674
674 908
908 674
675 978
978 675
675 773
773 675
675 838
838 675
675 993
993 675
675 952
952 675
676 769
769 676
676 881
881 676
676 767
767 676
677 948
948 677
677 926
926 677
677 766
766 677
678 951
951 678
678 948
948 678
678 850
850 678
678 922
922 678
679 682
682 679
679 982
982 679
680 709
709 680
683 871
871 683
684 926
926 684
687 809
809 687
689 810
810 689
689 847
847 689
689 707
707 689
689 873
873 689
691 788
788 691
691 960
960 691
692 949
949 692
692 718
718 692
692 770
770 692
692 852
852 692
693 909
909 693
700 928
928 700
700 987
987 700
701 925
925 701
701 943
943 701
701 942
942 701
702 728
728 702
703 847
847 703
703 930
930 703
703 747
747 703
704 809
809 704
704 844
844 704
704 900
900 704
704 720
720 704
705 846
846 705
706 959
959 706
706 888
888 706
707 747
747 707
707 930
930 707
708 895
895 708
709 828
828 709
709 928
928 709
710 752
752 710
710 879
879 710
711 963
963 711
711 886
886 711
711 990
990 711
713 826
826 713
714 770
770 714
714 799
799 714
714 752
752 714
715 782
782 715
715 785
785 715
716 822
822 716
717 971
971 717
719 761
761 719
721 899
899 721
721 815
815 721
721 800
800 721
723 968
968 723
723 772
772 723
724 973
973 724
725 790
790 725
726 979
979 726
726 906
906 726
726 982
982 726
726 959
959 726
727 872
872 727
727 993
993 727
728 743
743 728
728 813
813 728
729 799
799 729
731 883
883 731
732 959
959 732
732 981
981 732
734 856
856 734
735 983
983 735
737 803
803 737
737 934
934 737
738 786
786 738
738 907
907 738
738 940
940 738
739 873
873 739
739 830
830 739
743 824
824 743
743 933
933 743
744 800
800 744
744 820
820 744
745 806
806 745
745 863
863 745
745 985
985 745
747 795
795 747
747 823
823 747
747 955
955 747
748 974
974 748
748 976
976 748
749 838
838 749
749 820
820 749
750 957
957 750
751 973
973 751
752 846
846 752
754 755
755 754
755 913
913 755
756 772
772 756
756 940
940 756
757 942
942 757
757 880
880 757
757 875
875 757
760 787
787 760
761 807
807 761
764 849
849 764
764 862
862 764
765 769
769 765
766 767
767 766
767 802
802 767
768 860
860 768
768 825
825 768
770 852
852 770
771 792
792 771
774 842
842 774
774 892
892 774
775 982
982 775
775 844
844 775
775 792
792 775
776 907
907 776
777 874
874 777
777 916
916 777
777 847
847 777
778 975
975 778
779 902
902 779
780 796
796 780
783 928
928 783
787 799
799 787
788 855
855 788
788 968
968 788
788 873
873 788
789 854
854 789
791 994
994 791
792 851
851 792
793 880
880 793
793 936
936 793
794 895
895 794
795 851
851 795
795 921
921 795
797 881
881 797
801 816
816 801
801 886
886 801
802 956
956 802
802 878
878 802
803 920
920 803
803 833
833 803
803 871
871 803
804 973
973 804
804 816
816 804
806 870
870 806
808 994
994 808
812 911
911 812
813 974
974 813
813 922
922 813
814 842
842 814
814 937
937 814
815 869
869 815
816 878
878 816
819 971
971 819
819 987
987 819
821 878
878 821
821 907
907 821
821 881
881 821
822 862
862 822
822 940
940 822
825 848
848 825
825 950
950 825
825 856
856 825
825 958
958 825
826 911
911 826
830 869
869 830
830 986
986 830
831 984
984 831
834 935
935 834
835 955
955 835
836 942
942 836
836 970
970 836
836 965
965 836
837 978
978 837
838 869
869 838
839 951
951 839
840 977
977 840
843 939
939 843
844 921
921 844
847 866
866 847
847 985
985 847
848 963
963 848
848 878
878 848
850 932
932 850
850 872
872 850
850 901
901 850
850 884
884 850
852 979
979 852
852 856
856 852
853 857
857 853
853 978
978 853
854 934
934 854
854 902
902 854
855 937
937 855
855 988
988 855
856 876
876 856
856 987
987 856
856 867
867 856
857 870
870 857
861 956
956 861
862 992
992 862
867 989
989 867
869 920
920 869
870 877
877 870
870 894
894 870
870 978
978 870
871 940
940 871
874 990
990 874
874 945
945 874
874 964
964 874
879 939
939 879
879 934
934 879
880 953
953 880
882 888
888 882
884 934
934 884
886 918
918 886
889 941
941 889
890 972
972 890
892 896
896 892
893 901
901 893
894 906
906 894
901 977
977 901
907 927
927 907
913 996
996 913
913 917
917 913
917 945
945 917
920 959
959 920
921 925
925 921
927 995
995 927
928 968
968 928
937 963
963 937
940 960
960 940
940 962
962 940
954 983
983 954
962 983
983 962
971 975
975 971
976 991
991 976
