0 10
10 0
0 27
27 0
0 14
14 0
0 60
60 0
0 51
51 0
1 54
54 1
1 40
40 1
1 78
78 1
1 68
68 1
1 19
19 1
1 57
57 1
1 97
97 1
2 82
82 2
2 51
51 2
2 36
36 2
3 24
24 3
3 45
45 3
3 23
23 3
3 61
61 3
3 17
17 3
3 89
89 3
3 67
67 3
3 71
71 3
4 10
10 4
4 42
42 4
4 28
28 4
4 6
6 4
4 34
34 4
4 39
39 4
5 44
44 5
5 50
50 5
5 20
20 5
5 23
23 5
5 36
36 5
5 9
9 5
5 75
75 5
5 25
25 5
6 42
42 6
6 30
30 6
6 34
34 6
6 75
75 6
7 57
57 7
7 63
63 7
7 46
46 7
8 41
41 8
8 39
39 8
8 43
43 8
8 37
37 8
8 27
27 8
9 84
84 9
9 82
82 9
9 55
55 9
9 38
38 9
9 94
94 9
10 95
95 10
10 46
46 10
10 29
29 10
10 20
20 10
10 59
59 10
10 79
79 10
10 55
55 10
11 36
36 11
11 45
45 11
11 62
62 11
11 81
81 11
11 24
24 11
12 31
31 12
12 45
45 12
12 61
61 12
12 74
74 12
13 32
32 13
13 89
89 13
13 97
97 13
13 75
75 13
13 56
56 13
13 77
77 13
14 46
46 14
14 15
15 14
14 47
47 14
14 53
53 14
15 89
89 15
15 92
92 15
15 59
59 15
15 23
23 15
15 97
97 15
15 77
77 15
16 33
33 16
16 52
52 16
16 34
34 16
17 96
96 17
18 55
55 18
18 91
91 18
18 71
71 18
18 99
99 18
18 74
74 18
18 64
64 18
19 29
29 19
19 76
76 19
19 23
23 19
19 27
27 19
19 21
21 19
20 25
25 20
20 63
63 20
20 42
42 20
20 55
55 20
20 23
23 20
21 28
28 21
21 56
56 21
21 58
58 21
21 83
83 21
21 48
48 21
21 23
23 21
21 54
54 21
21 63
63 21
22 79
79 22
22 30
30 22
22 94
94 22
22 77
77 22
23 60
60 23
23 57
57 23
24 27
27 24
24 86
86 24
24 47
47 24
25 54
54 25
25 99
99 25
26 40
40 26
26 57
57 26
27 88
88 27
27 48
48 27
28 82
82 28
28 47
47 28
28 38
38 28
28 43
43 28
28 69
69 28
28 50
50 28
28 79
79 28
29 89
89 29
29 56
56 29
29 95
95 29
29 66
66 29
29 43
43 29
29 48
48 29
29 51
51 29
29 31
31 29
29 38
38 29
30 39
39 30
30 52
52 30
30 75
75 30
31 73
73 31
31 52
52 31
31 97
97 31
32 96
96 32
33 68
68 33
33 42
42 33
33 93
93 33
34 86
86 34
34 54
54 34
35 75
75 35
35 89
89 35
35 97
97 35
36 96
96 36
36 41
41 36
36 79
79 36
36 70
70 36
36 77
77 36
37 65
65 37
37 89
89 37
38 92
92 38
38 80
80 38
39 82
82 39
39 84
84 39
40 42
42 40
40 58
58 40
40 83
83 40
40 91
91 40
41 57
57 41
42 71
71 42
42 97
97 42
42 73
73 42
42 74
74 42
43 76
76 43
43 56
56 43
43 59
59 43
44 66
66 44
44 82
82 44
44 78
78 44
45 88
88 45
45 48
48 45
45 62
62 45
46 84
84 46
46 75
75 46
46 81
81 46
46 79
79 46
46 60
60 46
46 71
71 46
47 63
63 47
47 92
92 47
48 78
78 48
48 99
99 48
49 72
72 49
49 76
76 49
50 73
73 50
50 85
85 50
50 87
87 50
51 63
63 51
52 94
94 52
52 68
68 52
53 96
96 53
53 57
57 53
54 87
87 54
54 73
73 54
54 62
62 54
55 56
56 55
55 74
74 55
55 83
83 55
55 85
85 55
56 66
66 56
57 86
86 57
57 70
70 57
57 79
79 57
57 99
99 57
57 80
80 57
58 63
63 58
59 87
87 59
59 62
62 59
59 72
72 59
61 65
65 61
61 62
62 61
61 80
80 61
61 98
98 61
62 80
80 62
62 81
81 62
63 64
64 63
64 79
79 64
64 73
73 64
66 85
85 66
66 91
91 66
67 93
93 67
67 82
82 67
68 86
86 68
69 93
93 69
70 93
93 70
70 74
74 70
71 72
72 71
72 77
77 72
72 90
90 72
72 84
84 72
75 96
96 75
75 90
90 75
78 84
84 78
81 95
95 81
85 98
98 85
87 95
95 87
89 92
92 89
90 95
95 90
94 95
95 94
